# Created by Octave 4.0.3, Mon Nov 07 08:37:01 2016 CET <vuc@rzvpn17.informatik.uni-hamburg.de>
# name: data
# type: matrix
# rows: 102
# columns: 3
 0 0 1
 -3.709616351626214 -5.352101716777461 1
 -1.422106964530515 -2.402188618711704 1
 -2.669721802210737 4.303972152811816 1
 1.555480664693832 4.935896826684496 1
 -1.595240453401889 6.23186532503745 1
 -5.553433966606586 -1.677539750754658 1
 -5.578865167885411 -0.3731455280708591 1
 2.914087749817805 4.755270095689145 1
 -1.922582120325636 -5.992329667645352 1
 4.574850229525635 4.590308137599497 1
 5.320235600655758 -0.07820499255875646 1
 1.98235257760178 -1.705037404573931 1
 -1.671163796120871 2.008634784738405 1
 2.391378516846794 0.115970013411264 1
 -0.03928063612513455 -2.431524280860461 1
 1.292753687848858 -1.8631760619636 1
 0.01739029366602907 0.8604158607814263 1
 -0.1444396560958019 -4.248983968110428 1
 6.382761096707899 1.809842346804107 1
 2.331974318916137 -4.203211479870027 1
 -6.691903942395841 1.807436628068825 1
 -2.672650657224823 -0.9982466301750286 1
 -5.190204365587313 -2.512511684424842 1
 5.740299626295087 -0.7063116512298091 1
 2.730131049046495 -3.543864588701632 1
 -4.753318170312869 2.134637063491125 1
 2.019895832639824 0.7837375556985631 1
 2.074861258481477 4.422684915320723 1
 -5.040056656520876 1.989259918414987 1
 -1.586698884641583 -3.008919074719229 1
 0.2581078373452179 6.212873452697455 1
 3.822252480269793 0.4897106480454898 1
 3.460248366019927 -2.632841554881172 1
 2.719120906211888 -5.849980571870747 1
 4.685913271177478 -4.621292090450803 1
 -0.8281542049171406 6.459528623863097 1
 -2.397399023275798 -2.785237606748018 1
 3.458531878412218 3.41366244450075 1
 -1.414282298215191 4.80461623353146 1
 6 6 0
 -6.845269721566111 -8.051612244811515 0
 -6.190623657708564 -5.046813572271009 0
 4.88147417190704 -9.208742232322056 0
 -8.729574161468907 -9.113172797966463 0
 7.436740954152086 -4.798123006162035 0
 8.985491750558047 0.4758853706890882 0
 8.857662358154077 3.905289147236022 0
 9.961219650280391 3.189265106847294 0
 9.968284118416477 -1.743322315271049 0
 8.605041272140621 5.743904479001209 0
 -8.347540648322919 -7.129027312835884 0
 -6.844079894374441 8.770913575260714 0
 8.899425620633934 3.159763984655942 0
 -4.821951322291928 7.260540984034911 0
 -7.654121437347566 6.079606212568464 0
 5.852409222556702 -4.735696892648336 0
 -5.866229480508393 -9.526111023353177 0
 7.677612091099991 4.521811494216921 0
 7.611851324384148 6.362195141791492 0
 9.992082476193907 0.9465445474207783 0
 -3.244066815037595 -7.079513299574386 0
 -8.194619266015835 8.57219800101775 0
 8.251925301864944 6.98124421548895 0
 1.255123787475016 7.642501395659576 0
 -3.918902874829048 8.927898604737813 0
 -3.327185263410518 -8.479892498307816 0
 -8.104870720120553 -6.261733018897581 0
 -0.4222231047210752 9.200098387990632 0
 -5.939364389271002 8.37658739154007 0
 9.832182689226613 3.70072437315827 0
 -6.16813375524028 8.13385391337491 0
 -8.721706161354259 2.709644665376301 0
 2.281063071732385 -6.862994924813513 0
 8.890746755577354 -2.567086762409999 0
 -9.767476266354921 0.8427185816169018 0
 8.679089343756466 -1.615209604946038 0
 4.37574230089076 8.936915277845028 0
 5.926412147859764 -5.192757075807847 0
 1.996276116327317 7.993322666206641 0
 -6.912558488622337 -2.035986944989757 0
 -8.074258148357496 9.674353830345076 0
 5.975666810643682 8.295614054093814 0
 -9.798453520978821 7.073763784333693 0
 0.9535076205979998 -9.150762514973609 0
 1.786808684684868 -9.971642923409913 0
 9.504503650833946 -8.920808197343591 0
 7.975292105965469 1.981579523796144 0
 -7.011644050897897 -1.298126519728605 0
 7.49424959584789 6.833150652736116 0
 -7.728599882282349 7.927544570147194 0
 -7.122634007529029 7.47743429152947 0
 -0.4831528264216569 7.828783715551481 0
 -7.108779675933704 8.066439010143991 0
 8.022510951639191 4.550162572352768 0
 -9.708165060924699 -7.680469775966815 0
 6.774673057164055 -8.791678226337407 0
 5.137334670735726 7.791960717050518 0
 0.07511138354617408 9.723117044902594 0
 -1.005892719814451 -9.66282310473423 0
 -9.645220079884625 9.625695401098174 0
 7.862040973221568 -3.894945223789144 0


